
Circuit: dc power supply with a bjt series regulator

v(1) = 2.000000e+01
v(2) = 1.270274e+01
v(3) = 1.200561e+01
v(4) = 6.767221e+00
v(5) = 6.035238e+00
