
Circuit: dc power supply with zener diode regulator

v(3) = 1.226269e+01
i(vx1) = 4.199669e-03
i(vr1) = 1.646236e-02
i(vr2) = 1.226269e-02
